1

[(0.9571928117182767,1.0419668496124337,47.01190020697249,10.316161616161617,94.21616161616161),(0.9571666913347793,1.0283135534029972,47.1468659460606,10.409090909090908,94.41313131313132),(0.9566608401325709,1.0508378532861775,46.891271875090595,10.342424242424242,93.50909090909092),(0.9565633596414023,1.038060180848051,47.01319977000466,10.45050505050505,94.07575757575758),(0.9572206977164653,1.0385088270392426,47.04815359259399,10.52020202020202,94.17070707070707),(0.956448424918961,1.059421569650128,46.79268979864138,10.508080808080807,94.0),(0.9562624440025248,1.041814912771084,46.95759751244273,10.61919191919192,94.25656565656566),(0.9573179778271333,1.0392642910102334,47.04643575952624,10.332323232323231,93.78080808080809),(0.9570859793835719,1.0379912376099312,47.04524638691616,10.435353535353535,93.82020202020202),(0.9566649174402017,1.0673510129216106,46.726384917199496,10.533333333333333,93.26464646464646),(0.9569670331245408,1.039597595615522,47.022046031318666,10.460606060606061,94.28181818181818),(0.9565533263442562,1.0386565849286349,47.00663373137391,10.325252525252525,93.63434343434344),(0.9567685284225099,1.0471015962902024,46.93509574244757,10.483838383838384,93.37474747474748),(0.9561946116961999,1.0630275665902567,46.741401035875136,10.552525252525253,93.93838383838384),(0.956693502518831,1.0321088121357582,47.08052202976964,10.406060606060606,93.95454545454545),(0.9566225067331063,1.0516396324039925,46.880954079946065,10.529292929292929,93.38282828282829),(0.9564684473350066,1.048391747865316,46.90418936144739,10.435353535353535,93.69090909090909),(0.9572117958934601,1.0075905598452,47.35680215515429,10.421212121212122,94.83333333333333),(0.9564245720527947,1.0546063997394823,46.83941032577652,10.57979797979798,94.11313131313132),(0.9568498595554191,1.019953596680812,47.21145560651093,10.368686868686869,94.27070707070708)]

[(0.8775370678552444,0.8133683437880792,36.38485719554897,8.277777777777779,72.89393939393939),(0.8794987410434676,0.8185643530014315,36.398637402575716,8.127272727272727,72.75353535353536),(0.8783714768620691,0.8175791754761905,36.35070510219352,8.217171717171718,72.29292929292929),(0.879569639522167,0.8067133791980452,36.63991078737307,8.028282828282828,72.82929292929293),(0.8791261238737055,0.8137918105144023,36.471731222131126,8.183838383838383,73.20505050505051),(0.8783811236058633,0.7986509060209959,36.72984929593401,8.11111111111111,73.55454545454545),(0.8794447795934988,0.7997934644078322,36.77081748745304,7.991919191919192,73.36161616161615),(0.8783011470801079,0.8210320411281415,36.2774280022473,8.341414141414141,72.7090909090909),(0.8789116466447212,0.8190482759178112,36.35373328032484,8.166666666666666,73.01010101010101),(0.8797128456034298,0.803054266714803,36.72168540191081,8.091919191919192,73.83636363636364),(0.8793470396846891,0.8246502896102456,36.267816588871966,8.106060606060606,72.89696969696969),(0.8791918558983396,0.8067738416713416,36.616034520473576,8.140404040404041,73.36161616161615),(0.8780602650707444,0.820283417039525,36.27794756345147,8.188888888888888,72.36363636363636),(0.8808226820035702,0.8242368868143853,36.364623183926135,8.107070707070706,72.64545454545454),(0.8793660998438426,0.8149085146484629,36.463795697666846,8.11111111111111,72.98787878787878),(0.8791444019678389,0.8051816185862576,36.645031746343186,8.145454545454545,73.23838383838384),(0.8797193022040894,0.8018063290070135,36.74703155210272,8.00909090909091,73.45050505050504),(0.8789097448710648,0.8197962223605312,36.33866024505425,8.14949494949495,73.12121212121212),(0.8781544473303041,0.8097098230768249,36.49507037828043,8.198989898989899,73.42828282828283),(0.8797204862816067,0.7999201172806839,36.78482683127748,8.102020202020203,73.74040404040404)]

[(0.8195413645198636,0.6443219524729644,29.842823297006948,6.4222222222222225,59.333333333333336),(0.8214949560671662,0.6484901931372498,29.834991569909846,6.513131313131313,59.54949494949495),(0.821558276264209,0.6695666750528617,29.206496324267032,6.583838383838384,58.72828282828283),(0.8215685593894994,0.655649241269862,29.62463632527202,6.562626262626263,59.601010101010104),(0.8195561275736593,0.6516344746857424,29.62433341384873,6.583838383838384,59.17272727272727),(0.8259196478913949,0.6645902175311281,29.617472347547714,6.7414141414141415,59.48989898989899),(0.8234638731414269,0.6626508889857257,29.52830571891577,6.612121212121212,58.81717171717172),(0.8204740990640195,0.6496491555969706,29.738971275934926,6.511111111111111,59.656565656565654),(0.8235836982977395,0.6702075967347036,29.308793995815183,6.6909090909090905,59.0),(0.8206390329003704,0.6538309906668739,29.623412254018287,6.627272727272727,59.43737373737374),(0.8225169416149182,0.6579141110833976,29.613593164400474,6.6313131313131315,59.39494949494949),(0.8218042180947188,0.6610217719973575,29.47759992576642,6.622222222222222,58.895959595959596),(0.8227409637153382,0.6679951330194103,29.32460383234125,6.635353535353535,58.425252525252525),(0.821290920363722,0.6646580340753738,29.337714199564818,6.642424242424243,59.015151515151516),(0.8185086610638795,0.6438877486076882,29.793887205602505,6.523232323232323,59.38383838383838),(0.8182746227227651,0.640831955631674,29.871518694415265,6.566666666666666,59.7989898989899),(0.8216694835208166,0.6506826919893981,29.779688251561645,6.547474747474747,59.484848484848484),(0.8189112984045458,0.6580910742762508,29.39194567598525,6.496969696969697,58.89393939393939),(0.8201154290409866,0.6593002702724423,29.4279176342883,6.485858585858586,59.03232323232323),(0.8206653289141692,0.6581062395511394,29.49673254831366,6.588888888888889,58.4989898989899)]

2

[(0.9424713093141974,1.8847777115934106,37.70050144290746,18.786868686868686,75.35353535353535),(0.9433760908166011,1.8853794983303351,37.748770465688025,18.91919191919192,75.30606060606061),(0.9431301679282142,1.8723014072005755,37.864796003686166,18.681818181818183,75.5030303030303),(0.9429337236762849,1.8960415663684929,37.61560775689582,18.963636363636365,75.15959595959596),(0.9435288327122956,1.8748748964579878,37.86298099815431,18.8969696969697,75.41515151515152),(0.9429082967624193,1.8766004443703679,37.808493362040466,18.731313131313133,75.87575757575758),(0.9439090938797471,1.88692894552298,37.76525617755776,18.75050505050505,75.62828282828283),(0.9436064670876064,1.8754492232182416,37.86189579308216,18.905050505050504,75.98686868686869),(0.943046217953363,1.8980997705041127,37.60177537215677,18.79191919191919,75.36060606060606),(0.9435017366428542,1.9022844330348,37.587259868225324,18.858585858585858,75.26969696969697),(0.9429705008553653,1.8754897132510477,37.82333291881467,19.034343434343434,75.84848484848484),(0.9432661599147335,1.9033601109328642,37.56236848555311,18.92828282828283,75.45252525252525),(0.9435089756750081,1.8801252763288985,37.80928577721471,18.643434343434343,75.84242424242424),(0.943394069623722,1.880206401049285,37.80158016692563,18.818181818181817,75.73333333333333),(0.9427117762353483,1.8979492574702612,37.58321399940976,19.026262626262625,75.11818181818182),(0.9434451803161136,1.8669323560369553,37.93738725858933,18.842424242424244,75.6010101010101),(0.943134712199194,1.8925264025389756,37.66281870656166,18.84949494949495,75.66060606060606),(0.9433361573512836,1.8916082781902128,37.684086659175755,18.91010101010101,75.43636363636364),(0.9428985999260513,1.892058364652664,37.65333234903442,19.060606060606062,75.57373737373737),(0.9429266318236887,1.9041919193115546,37.533678716309836,18.904040404040405,75.33535353535353)]

[(0.8528338312318606,1.2777688716354303,25.614652441198604,12.638383838383838,51.233333333333334),(0.852120427608685,1.2936193749657423,25.254838157203455,12.823232323232324,50.82727272727273),(0.8517916610190439,1.2850015491122306,25.40746867890178,12.8,50.567676767676765),(0.8525001202495648,1.2882825807232092,25.38435560050402,12.791919191919192,50.74040404040404),(0.852083768027273,1.2747086265903005,25.63085354983006,12.824242424242424,51.32222222222222),(0.8533901283016359,1.2749515104706934,25.70437748867715,12.675757575757576,51.326262626262626),(0.8522235764971009,1.2894454497853705,25.34450559412001,12.752525252525253,50.915151515151514),(0.8502863495537771,1.2732400421166445,25.552380130890874,12.631313131313131,51.06363636363636),(0.8528196885611934,1.2877942686851436,25.41329593997343,12.791919191919192,50.872727272727275),(0.8531119761823288,1.292919886575099,25.328320839438252,12.790909090909091,50.89090909090909),(0.8539335076822174,1.295808379898456,25.3198428629658,12.891919191919191,50.508080808080805),(0.8503605213023053,1.2602029312817076,25.817572652503515,12.674747474747475,51.28181818181818),(0.8533936473942677,1.2875008688251155,25.453601467155433,12.81010101010101,50.90707070707071),(0.8493008037869816,1.271322810813855,25.53159201094316,12.698989898989899,50.991919191919195),(0.8537214332421375,1.2857946645805836,25.50739270291762,12.724242424242425,51.21515151515152),(0.8532132922851206,1.283614959013015,25.520498356839877,12.892929292929294,51.07272727272727),(0.8494640121176523,1.2717140826420144,25.533559074217333,12.539393939393939,50.714141414141416),(0.8516209829903864,1.2873434660898775,25.350389657625474,12.76060606060606,50.55353535353535),(0.8500935112269109,1.2644439147680127,25.716732378254328,12.912121212121212,51.7989898989899),(0.849972542484939,1.281727799865501,25.363796551780354,12.762626262626263,50.753535353535355)]

[(0.793801670151264, 0.9370876074193437, 19.515471986500653, 9.604040404040404, 39.08888888888889), (0.7916850788657783, 0.9497790926284231, 19.007731953094694, 9.478787878787879, 37.89090909090909), (0.7897483549859741, 0.9465417937686407, 18.988647486094678, 9.522222222222222, 38.16969696969697), (0.7868513486984783, 0.9447078621522986, 18.86984505734403, 9.452525252525252, 38.061616161616165), (0.7831164108561939, 0.9492982332958648, 18.50803765249326, 9.458585858585858, 37.10909090909091), (0.7853601808600513, 0.9476953519607928, 18.69075029277896, 9.394949494949495, 37.31717171717172), (0.7882553947011792, 0.9415676877405214, 19.048293049854777, 9.464646464646465, 38.19292929292929), (0.7926479875530243, 0.9467680351360804, 19.15583819909929, 9.502020202020201, 38.04545454545455), (0.7947775101441008, 0.9422893301244011, 19.417970704914822, 9.548484848484849, 38.65555555555556), (0.7949500723988117, 0.941558446687073, 19.45025094331484, 9.561616161616161, 38.73131313131313), (0.7921728874978197, 0.9408558735533958, 19.304697043266934, 9.492929292929293, 38.63232323232323), (0.7848954227607824, 0.9496738967209134, 18.603508464021974, 9.385858585858585, 37.256565656565655), (0.7847972280476578, 0.9496121183785513, 18.599470131505814, 9.507070707070707, 37.16464646464647), (0.7861932035170559, 0.9459888104944081, 18.79192789618654, 9.61111111111111, 37.76969696969697), (0.7866650782833802, 0.9408991192780138, 18.97293111866105, 9.416161616161617, 37.69595959595959), (0.7910294332412428, 0.9435261770262171, 19.155980683685982, 9.495959595959595, 38.4959595959596), (0.7849877970405569, 0.9499918036190163, 18.599513713857853, 9.39090909090909, 37.26767676767677), (0.7924025307340515, 0.9387772626551075, 19.380833964391677, 9.483838383838384, 38.28484848484848), (0.7882398575313285, 0.9404551520658823, 19.08073688990586, 9.548484848484849, 38.00606060606061), (0.7861099775244974, 0.9501756667419503, 18.661328649210976, 9.453535353535354, 37.42727272727273)]

3

[(0.9433635646336679,5.268221030886779,3.9196035691561066,5.206060606060606,46.95050505050505),(0.942684948886701,5.267064415925877,3.89045277394469,5.267676767676767,46.41414141414141),(0.9429390952907025,5.266270898007131,3.9136367373668994,5.222222222222222,46.64040404040404),(0.9427537133232229,5.258743783930105,3.9777849600914075,5.348484848484849,47.80707070707071),(0.9439990872758558,5.277903156828814,3.8609136682675165,5.1282828282828286,46.577777777777776),(0.9423282542134387,5.244885631075966,4.090838942047384,5.4080808080808085,48.763636363636365),(0.9435860310541867,5.277217130888567,3.842990554366288,5.196969696969697,46.17878787878788),(0.9423448302150508,5.245627484095242,4.0844149719540805,5.42020202020202,49.23434343434344),(0.9435295920820826,5.2557256891677735,4.0545186332513765,5.381818181818182,48.34040404040404),(0.9415279646781001,5.254548946654726,3.9461884141345185,5.304040404040404,47.008080808080805),(0.9435570914306466,5.267533565336925,3.938089832471633,5.301010101010101,47.554545454545455),(0.9430889716022741,5.265252220674867,3.93281608939449,5.25050505050505,47.101010101010104),(0.9441327556588719,5.262685335748193,4.021111982046793,5.335353535353535,48.323232323232325),(0.9434111886624731,5.245472941727344,4.149941902476362,5.301010101010101,49.316161616161615),(0.9432889332426726,5.259449684688478,4.002839147672494,5.320202020202021,48.173737373737374),(0.9433613342856361,5.273997329909951,3.861706758040009,5.2727272727272725,46.88080808080808),(0.9420682119102243,5.256073861807636,3.9633540965409555,5.280808080808081,47.36868686868687),(0.943199801790424,5.253422871600224,4.057759391423944,5.380808080808081,48.54040404040404),(0.943008232758908,5.273381948776638,3.8466744777742274,5.262626262626263,46.25151515151515),(0.9432265418157336,5.260846413999808,3.985128368949984,5.273737373737374,47.839393939393936)]

[(0.8948617788075208,2.5885047503560608,1.9216117213221744,2.609090909090909,23.09292929292929),(0.8899090815462258,2.5714975946783256,1.964592999211743,2.625252525252525,23.682828282828282),(0.8889045050474497,2.565160361162534,2.03106307959229,2.609090909090909,24.3969696969697),(0.8951906474625131,2.590850066748897,1.8944375127685804,2.5707070707070705,22.914141414141415),(0.8960229245077882,2.5945682906465426,1.87000965753199,2.5202020202020203,22.737373737373737),(0.8936099086910229,2.5802097440400162,2.0123996406625095,2.611111111111111,24.303030303030305),(0.8920586394010435,2.578039061329648,1.9627371374744562,2.609090909090909,23.68888888888889),(0.8912876378579532,2.578808677579511,1.901084719885214,2.5424242424242425,22.843434343434343),(0.8943262481269529,2.5860180341400127,1.9392142048107113,2.584848484848485,23.074747474747475),(0.8918826632500847,2.578510777550978,1.9427442439897582,2.5686868686868687,23.278787878787877),(0.892570584618989,2.5800604984067252,1.9530251090045583,2.5616161616161617,23.374747474747476),(0.8933226147793357,2.5808407769113066,1.9825413485244143,2.6373737373737374,24.036363636363635),(0.8904932716868418,2.5730966128903288,1.9676640433987491,2.621212121212121,23.5989898989899),(0.894408107944932,2.582929783850533,2.0058907996874322,2.5707070707070705,23.889898989898988),(0.8929046334695594,2.580110460332113,1.9720688015354142,2.605050505050505,23.42828282828283),(0.8901233635048553,2.5706742212675158,1.993917384945048,2.6434343434343432,23.607070707070708),(0.8942346061631634,2.586224025533611,1.9295958591194609,2.5454545454545454,23.108080808080807),(0.8936237924856355,2.5823689229103732,1.9700490909230592,2.576767676767677,23.75050505050505),(0.8945998770245241,2.5889522763314248,1.8969470948387679,2.5090909090909093,22.584848484848486),(0.8957605865035028,2.593105120733953,1.8835327755339208,2.48989898989899,22.643434343434343)]

[(0.8751760431274352,1.7087525717062884,1.2479854364540515,1.6727272727272726,15.030303030303031),(0.8689764167465704,1.693568445839216,1.3315316296243902,1.7424242424242424,16.165656565656565),(0.8758475492313041,1.710987663404238,1.22122305175356,1.694949494949495,14.61111111111111),(0.8789307450215692,1.7177080790010382,1.204602331262671,1.6353535353535353,14.471717171717172),(0.8710468224964831,1.6986439263439783,1.303491559465972,1.7353535353535354,15.530303030303031),(0.877482364953533,1.7143586216334665,1.2181832482094834,1.6808080808080808,14.632323232323232),(0.8646882824142711,1.6856841309568442,1.3107730161515683,1.7222222222222223,15.616161616161616),(0.8685967299004279,1.6944315911770509,1.2828560587171358,1.7141414141414142,15.285858585858586),(0.8730522716472416,1.7044026912976964,1.2510555599053734,1.6606060606060606,15.193939393939393),(0.8734421186000155,1.7052167114533334,1.250025772405678,1.7050505050505051,14.992929292929293),(0.8774596140606695,1.714213392139245,1.2211750794660758,1.6787878787878787,14.846464646464646),(0.8762436141292774,1.7116584834562651,1.2248623440735693,1.701010101010101,14.677777777777777),(0.8723114508511229,1.7037839145165825,1.2251696155660434,1.6777777777777778,14.55151515151515),(0.8731338138560408,1.703899050841103,1.2710573061291528,1.7121212121212122,15.268686868686869),(0.8696811256501761,1.6959874570222557,1.3012438283423637,1.7222222222222223,15.608080808080809),(0.8687311888497259,1.694481700633837,1.2894203119653012,1.7101010101010101,15.32121212121212),(0.8699742138566843,1.6968132376915863,1.2940557006539781,1.7292929292929293,15.56060606060606),(0.8716612606358657,1.7009918280376202,1.2699207970203161,1.706060606060606,15.348484848484848),(0.875599098107615,1.7105827653388903,1.218462926290347,1.6393939393939394,14.543434343434344),(0.8744531434019718,1.7076459554312444,1.2378099411794068,1.6424242424242423,14.83939393939394)]

4

[(0.9305357409923312,5.32390507106405,2.593093748900077,5.194949494949495,20.745454545454546),(0.9283555118345588,5.301692009552419,2.684410614546211,5.429292929292929,21.585858585858585),(0.9287952574513203,5.307917137966819,2.6485440674072946,5.357575757575757,21.226262626262628),(0.9280280806528405,5.294995587462437,2.731728964541657,5.324242424242424,21.935353535353535),(0.9299236227632283,5.316192740307317,2.633489962719363,5.303030303030303,21.205050505050504),(0.9278752769348166,5.303464850989065,2.637868106191544,5.239393939393939,21.145454545454545),(0.9285656286891136,5.31159870930392,2.5979506283044542,5.357575757575757,20.892929292929292),(0.9292232867382143,5.326134752547313,2.4920496788172124,5.1626262626262625,20.044444444444444),(0.9282487618279052,5.28868134154169,2.808112294259554,5.406060606060606,22.294949494949496),(0.9288339943186977,5.305034076701135,2.679698892118278,5.3717171717171714,21.57979797979798),(0.9276939727694121,5.31013833965526,2.5602549696112558,5.242424242424242,20.58080808080808),(0.9291717627623862,5.306777115529949,2.682534610441561,5.319191919191919,21.482828282828283),(0.9288432438561142,5.317303405300031,2.5575605783642645,5.123232323232323,20.606060606060606),(0.9291506941241395,5.3111149364031816,2.637892283414398,5.302020202020202,21.1989898989899),(0.9271812346753255,5.294489567110951,2.685978409412674,5.338383838383838,21.330303030303032),(0.9274815374636229,5.306049058339021,2.588401664425527,5.243434343434344,20.77979797979798),(0.9283254277697776,5.313093170233765,2.568593963853542,5.271717171717172,20.67979797979798),(0.9275674971740775,5.291195460834094,2.7420952221039325,5.425252525252525,21.904040404040405),(0.9286606503611693,5.3045787649273315,2.673851372400781,5.366666666666666,21.358585858585858),(0.9283091989460508,5.295659721897715,2.7419547177801875,5.463636363636364,21.78181818181818)]

[(0.8808447102109712,2.578701987542072,1.2766428618173804,2.4868686868686867,10.348484848484848),(0.8754095489728327,2.5601412941196924,1.3217470559771736,2.5515151515151517,10.456565656565656),(0.8785921197153732,2.571916981364703,1.277187555633738,2.5494949494949495,10.314141414141414),(0.8784922026483077,2.571006837374383,1.2893954114058037,2.511111111111111,10.286868686868686),(0.8798588670244485,2.575841582096198,1.2747003795433551,2.581818181818182,10.203030303030303),(0.8810097605471113,2.5811908574514084,1.2367684837882538,2.5585858585858587,9.819191919191919),(0.8769461899331058,2.5672601548851612,1.2715682982876644,2.584848484848485,10.05050505050505),(0.8808071734726162,2.5795756314168647,1.2569177800267044,2.5555555555555554,10.313131313131313),(0.8766895860031119,2.564797447663096,1.3054262069330282,2.6303030303030304,10.373737373737374),(0.8793949601174451,2.574572271114609,1.272252184753284,2.5555555555555554,10.21010101010101),(0.8766436750207646,2.5647342091706946,1.3039363178372756,2.6313131313131315,10.3989898989899),(0.8745464638442997,2.557691350896542,1.3189608127339547,2.6161616161616164,10.433333333333334),(0.8810370395361786,2.5814182085081008,1.2338582020119928,2.4868686868686867,9.854545454545455),(0.8843775169199262,2.593730505719514,1.1880409007999917,2.504040404040404,9.792929292929292),(0.8794727386044225,2.5742134794414135,1.2840947274315604,2.519191919191919,10.368686868686869),(0.8818587139013495,2.58401822075262,1.2311584190272358,2.518181818181818,10.090909090909092),(0.8791188299114747,2.572484397251732,1.297441849648339,2.503030303030303,10.313131313131313),(0.8785739154018495,2.5690972241578134,1.33249044095079,2.590909090909091,10.696969696969697),(0.8802758932653851,2.57764667749536,1.2636200460193874,2.5505050505050506,10.126262626262626),(0.8783842591410188,2.570381403998543,1.2954274684889775,2.6202020202020204,10.359595959595959)]

[(0.8586087324586728,1.6880963643797593,0.873633016122587,1.6505050505050505,6.9646464646464645),(0.8563699369323399,1.6843979854883298,0.850256651285893,1.7464646464646465,6.7272727272727275),(0.8554921987086056,1.682077494940622,0.8672070742938122,1.7272727272727273,6.7414141414141415),(0.8592440505650908,1.689448198897534,0.8711970669781869,1.6868686868686869,6.946464646464647),(0.8541714118641109,1.6776973053355286,0.9193655517766379,1.7454545454545454,7.365656565656566),(0.8632980900276149,1.6989594439900433,0.8291020819553757,1.6444444444444444,6.522222222222222),(0.8666748506634785,1.7066160820871177,0.8020085771908527,1.6656565656565656,6.541414141414141),(0.860700482141755,1.6941409106707561,0.8178016083901363,1.6636363636363636,6.604040404040404),(0.8585098403767226,1.6881814759595568,0.8651461438154915,1.715151515151515,6.828282828282828),(0.8623895996768867,1.6975284690878292,0.8175219079704924,1.6666666666666667,6.538383838383838),(0.8639394573653386,1.7013479928831603,0.7959276554296674,1.6656565656565656,6.411111111111111),(0.8638967861387461,1.6994350105869847,0.8507568507143979,1.7464646464646465,6.8828282828282825),(0.8708948011197146,1.7147834055592825,0.8101859004011405,1.5868686868686868,6.42020202020202),(0.8599750530201459,1.6917459890050024,0.8461235110580607,1.6939393939393939,6.78989898989899),(0.859165128405338,1.6898291724231949,0.8550325316222241,1.7535353535353535,6.944444444444445),(0.8544917529320092,1.6799764581049654,0.8702114327759529,1.6848484848484848,6.898989898989899),(0.863485607972433,1.699949920927721,0.810638850509455,1.6202020202020202,6.484848484848484),(0.8600767716264628,1.6925607567358298,0.8277835955152727,1.685858585858586,6.648484848484848),(0.8556906138930516,1.6822676106688996,0.8734085135206822,1.706060606060606,6.932323232323232),(0.8587311232181996,1.6888888523089292,0.8572018238243877,1.694949494949495,6.9646464646464645)]

5

[(0.9860626492185731,5.862945655508036,0.5343023980373841,5.820202020202021,53.31515151515151),(0.9860428214462703,5.864679885933335,0.5157704274360189,5.86060606060606,52.329292929292926),(0.9862373107585665,5.8669463865636144,0.5047747798783965,5.785858585858586,50.723232323232324),(0.9861559794297631,5.864335698969992,0.5260017760872655,5.83030303030303,52.80808080808081),(0.9855168850187896,5.859403870770228,0.5369743934154473,5.9676767676767675,53.468686868686866),(0.9857269271153422,5.862241056364913,0.521205063264226,5.957575757575758,52.15151515151515),(0.9858081681330956,5.859544220209971,0.5530478858816501,5.808080808080808,54.85454545454545),(0.9854921712866483,5.858100044830844,0.5485298288910855,5.995959595959596,54.95959595959596),(0.9860075337077722,5.864254029656903,0.5179117258895403,5.985858585858586,51.98989898989899),(0.9859125951179118,5.862341127241818,0.5313444346535972,5.759595959595959,53.27878787878788),(0.986448031745136,5.868419599680225,0.5026859079113867,5.703030303030303,50.11313131313131),(0.9860134681035183,5.862461156234475,0.5361965238609573,5.836363636363636,53.878787878787875),(0.9859290687256524,5.864416231829056,0.5115818052483133,5.723232323232323,50.86868686868687),(0.9858673929521207,5.862602538460842,0.5260181925197758,5.8686868686868685,51.806060606060605),(0.9857694477610113,5.861494225634785,0.5312246093074183,6.03030303030303,53.33737373737374),(0.9861276723237674,5.862684511808328,0.5408152213434563,5.870707070707071,53.945454545454545),(0.9860974579668682,5.863747801067381,0.5283694673398288,5.8262626262626265,53.37171717171717),(0.9865604015966701,5.867646085953838,0.5171632362642358,5.797979797979798,51.65252525252525),(0.9860998266850723,5.86380831722905,0.5279064288181273,5.852525252525252,52.561616161616165),(0.9862097813748675,5.86447274834867,0.5278593990024124,5.931313131313131,52.97575757575758)]

[(0.9824669582433926,2.9345948950745244,0.2561195931116112,2.83030303030303,25.503030303030304),(0.9817630073799063,2.9315967954988107,0.2738445328112148,2.9414141414141413,27.096969696969698),(0.9817039175984085,2.9319057686341754,0.26411968322539103,3.0161616161616163,26.634343434343435),(0.9830533048267996,2.935688951756224,0.2694192544715443,2.8,26.927272727272726),(0.980972431772524,2.9288120503747668,0.28210489885545903,3.004040404040404,27.74141414141414),(0.9825919743314682,2.9351413800713564,0.25269085844611444,2.83030303030303,25.65858585858586),(0.9818932674751216,2.9326964916917757,0.25966621466960915,2.9474747474747476,25.44040404040404),(0.9820655173620653,2.933674014862125,0.2504507444873964,2.9494949494949494,25.173737373737374),(0.9810410156380949,2.9292376265696234,0.27770840689812276,3.0787878787878786,27.941414141414143),(0.9824886346163011,2.9346973280958193,0.25537151505912414,2.787878787878788,25.464646464646464),(0.9818490223366539,2.9321991161933547,0.2669590163337525,2.9353535353535354,26.563636363636363),(0.981688791112435,2.931299118719203,0.2753450923671918,3.002020202020202,27.56161616161616),(0.9814309303817801,2.931056557444601,0.2647246740149617,2.9454545454545453,26.2989898989899),(0.9811585071464776,2.92922944648585,0.2849214990677116,3.0484848484848484,28.276767676767676),(0.9818399447851045,2.932318010205584,0.2640364829892946,3.008080808080808,26.591919191919192),(0.9832476461536082,2.937242014060576,0.25001848800441695,2.808080808080808,24.923232323232323),(0.9813387847462282,2.930736545875943,0.2655961672638735,2.9494949494949494,26.31313131313131),(0.9827267407216292,2.935206905450544,0.2594663342880086,2.860606060606061,25.892929292929292),(0.9823325971653768,2.9335673495688956,0.26860883854643247,2.886868686868687,26.69090909090909),(0.9817849785111922,2.93229348236927,0.2612290632792667,2.9696969696969697,26.563636363636363)]

[(0.9807348523861735,1.9558204048429597,0.16947899788392506,1.9838383838383837,16.985858585858587),(0.9805851222957928,1.955424407750579,0.17237510523311686,1.9737373737373738,17.412121212121214),(0.9800521278331551,1.9540694783308532,0.18104332006512777,1.97979797979798,18.294949494949496),(0.9811744753479503,1.9567660768541966,0.16748621525392623,1.894949494949495,16.55959595959596),(0.9807696317408362,1.955992494198472,0.1664030784975362,1.8727272727272728,16.563636363636363),(0.9804117952742522,1.9549617773418992,0.1758543961983339,1.896969696969697,17.626262626262626),(0.9813855950146231,1.9574828959146398,0.1586488234391423,1.8484848484848484,15.709090909090909),(0.9800459574203381,1.9540815153284021,0.1803119853720845,1.9777777777777779,18.135353535353534),(0.9819073056355969,1.9586206352787225,0.15581927977331572,1.8606060606060606,15.666666666666666),(0.9811831822537468,1.95672695532523,0.16918227546146572,1.9191919191919191,16.98989898989899),(0.9795888807089158,1.9527115143151514,0.19398741307831957,1.9696969696969697,19.143434343434343),(0.9812257698280185,1.9570722252934494,0.16137943087225837,1.878787878787879,16.23030303030303),(0.9819090680832914,1.958283299093846,0.16604511218327697,1.804040404040404,16.616161616161616),(0.980080312313514,1.9540598390388502,0.18302356764912217,1.9898989898989898,18.24040404040404),(0.980717488565076,1.9555093144326532,0.1777698809264209,1.896969696969697,18.10909090909091),(0.9814992080307459,1.9574138879135607,0.16753584444090397,1.9313131313131313,17.22222222222222),(0.9801396674722673,1.9545060012509785,0.17320001080645836,1.8868686868686868,17.25858585858586),(0.980148081092271,1.9541281938870834,0.1850390489262162,1.993939393939394,18.585858585858585),(0.980151719202782,1.9543338909720336,0.17908642300168331,2.008080808080808,17.977777777777778),(0.981261240001586,1.9568859105216692,0.16909708444813015,1.8646464646464647,17.016161616161614)]

6

[(0.9981478601581284,0.9830463614939963,50.05840799454997,0.9717171717171718,500.7040404040404),(0.9981022615041214,0.9557966821958775,50.328168868281494,1.011111111111111,503.3151515151515),(0.9980832646552703,0.9856308198170799,50.02868768114593,1.0303030303030303,501.059595959596),(0.9981195993145263,0.9623121234124875,50.26405472473963,1.002020202020202,502.65252525252527),(0.9981088704168344,0.9463093272497303,50.423438952511816,1.006060606060606,504.63838383838385),(0.9981146758831652,0.9877304319913028,50.00957623307185,1.005050505050505,499.25858585858583),(0.9980821187984692,0.9919182060436099,49.96574506746895,1.0242424242424242,499.7161616161616),(0.9980580173527251,0.9820594215361474,50.06288682580507,1.003030303030303,500.4373737373737),(0.998149127901332,0.9866664096237766,50.02228357784792,0.9838383838383838,500.3090909090909),(0.998062042704116,1.0329360325308774,49.554362236935,1.0101010101010102,496.6515151515151),(0.998133924601241,0.9880443911229179,50.00759156484491,0.9797979797979798,500.0414141414141),(0.9982910571960918,0.9318238342892009,50.57922508887515,0.9373737373737374,506.2959595959596),(0.9980215745299631,1.022958356941241,49.65171090238694,1.009090909090909,496.5858585858586),(0.998082473304198,1.0115903463654843,49.76904493459056,1.0121212121212122,497.74848484848485),(0.9982091275932572,0.9426934701289112,50.465612954308554,0.9656565656565657,504.15656565656565),(0.9980232584891269,0.9756061580633764,50.12533392871713,1.0454545454545454,501.0767676767677),(0.9979814015648125,1.0128427629550283,49.75045646434007,1.0545454545454545,498.3717171717172),(0.9981027344665847,0.949445854215628,50.39170552584317,1.0080808080808081,504.3191919191919),(0.9980124180569462,1.010340210879146,49.777342974616246,1.0383838383838384,497.1272727272727),(0.9979718881499919,1.0868935514968754,49.00937777403115,1.0434343434343434,489.589898989899)]

[(0.9883786683280864,0.881934184142011,41.66403641684805,0.8656565656565657,415.93030303030304),(0.9888652103886914,0.8278310966756297,42.77529068980152,0.8363636363636363,428.2818181818182),(0.9900610533426332,0.7937550318660805,43.52856256323744,0.8171717171717172,435.0181818181818),(0.9887248119556938,0.8377696002747116,42.56809671184571,0.8343434343434344,425.6212121212121),(0.9876467318960621,0.8480149910441966,42.29850409287596,0.8262626262626263,422.5020202020202),(0.9874384797762247,0.864673707192602,41.952834642724255,0.8767676767676768,419.1515151515151),(0.989088669789556,0.8282304066965298,42.780712053438094,0.798989898989899,427.3666666666667),(0.9873252360638766,0.8723257449988707,41.79299926385966,0.8727272727272727,418.4282828282828),(0.9890111666991255,0.8422832236697175,42.495005528550855,0.8383838383838383,425.4020202020202),(0.9882374835854542,0.8740262380971305,41.81372425318477,0.8747474747474747,418.93939393939394),(0.9882364494805407,0.8682053314746809,41.93008033934178,0.896969696969697,418.82020202020203),(0.9882505920605045,0.8445447857233878,42.40413980916453,0.8454545454545455,423.6818181818182),(0.9893038276036511,0.8164940213247194,43.02834922972728,0.8626262626262626,429.1313131313131),(0.9883690143174088,0.8531212328528471,42.23971620198789,0.8313131313131313,423.1939393939394),(0.9884516084670593,0.8974132779195209,41.3588309496317,0.8525252525252526,413.710101010101),(0.9886100013460483,0.8692126841748301,41.932346397270194,0.8757575757575757,419.4030303030303),(0.9882607313109111,0.8373823017356435,42.54799784394147,0.8606060606060606,426.18585858585857),(0.9881164735946378,0.8251159357718343,42.7846697002463,0.8717171717171717,426.97171717171716),(0.9888509640252103,0.8279677788539896,42.77170226443579,0.8525252525252526,427.14343434343436),(0.9884587632795282,0.8868485491866896,41.570554813036686,0.8525252525252526,414.67171717171715)]

[(0.9611285854406375,0.7223830381582638,35.99622398169141,0.7393939393939394,360.4070707070707),(0.9592413114152488,0.7346278645442305,35.51564274858606,0.703030303030303,355.3212121212121),(0.9593990532719194,0.681860520164287,37.108127591386,0.7191919191919192,372.16767676767677),(0.9592581916413692,0.7246228647179622,35.81680555693738,0.7111111111111111,358.0858585858586),(0.9577423597619835,0.6961126008483118,36.58116356026329,0.7585858585858586,366.7080808080808),(0.9621065876341535,0.6605613314354969,37.90955531498447,0.7171717171717171,380.85656565656564),(0.9571088611578672,0.756817362978471,34.72201078011652,0.697979797979798,346.4252525252525),(0.9599479832024607,0.7153063562308787,36.137688305218056,0.7333333333333333,360.8242424242424),(0.9603313462666075,0.7037261493253396,36.50809629623791,0.7,365.0565656565657),(0.9555666662973169,0.7376884649904246,35.20334602812423,0.7181818181818181,352.0444444444444),(0.9589284729800149,0.7211063294052498,35.90251849663679,0.7282828282828283,358.9919191919192),(0.961686547587195,0.6844496919550953,37.16770209657794,0.704040404040404,371.17070707070707),(0.959683988020472,0.7168591804364818,36.075263868141214,0.7262626262626263,359.94848484848484),(0.9575610394881452,0.7355792819422392,35.38628391102005,0.702020202020202,353.8606060606061),(0.9566802576310826,0.7408135915514871,35.17640771132227,0.7353535353535353,352.34747474747473),(0.9573498804175447,0.7256060352062059,35.672811768863866,0.7232323232323232,357.32525252525255),(0.9596143899638491,0.7018444783731563,36.5215290466305,0.702020202020202,366.03434343434344),(0.9580132353645585,0.6904886646555849,36.76613418220976,0.7535353535353535,367.6212121212121),(0.9548695623105737,0.7380478519979198,35.15073817869791,0.7101010101010101,351.53636363636366),(0.957364445437832,0.7245754760922118,35.70460244350647,0.7080808080808081,356.18585858585857)]

7

[(0.996727800568826,3.9878031642541716,19.925636391588444,4.21025641025641,1995.5435897435898),(0.9966316997650055,4.069440807959035,19.103493906312014,4.015384615384615,1909.574358974359),(0.9964757513879463,4.22550953252179,17.53344975805362,3.8153846153846156,1749.6153846153845),(0.9963620850894451,4.071265232067343,19.06907278469198,4.271794871794872,1907.748717948718),(0.9972354667457843,3.863210876829277,21.202019236453765,3.8615384615384616,2119.0717948717947),(0.9965678325746343,4.186754764326695,17.92652231120446,3.871794871794872,1791.8923076923077),(0.9966196328000837,4.025715369372434,19.540024274281887,4.241025641025641,1954.0564102564103),(0.997221739546529,3.9857537488790418,19.97576688400347,4.01025641025641,1999.3538461538462),(0.9968766461992591,3.9309983665562487,20.502615106390508,3.948717948717949,2046.374358974359),(0.996987024463231,3.8858395552218132,20.960825915574674,4.153846153846154,2094.425641025641),(0.9971184850895729,3.882182347358296,21.005285631789356,4.087179487179487,2101.379487179487),(0.99683628469983,3.8620135767168144,21.190041314820373,4.184615384615385,2120.5538461538463),(0.9967883129442645,3.9744959683126,20.062339093534582,4.143589743589744,2007.9948717948719),(0.9967722893604216,3.9822193611614725,19.98414375001285,4.138461538461539,2001.2871794871794),(0.9969194332576186,4.000345841545567,19.811707579995677,4.046153846153846,1980.5076923076922),(0.9971014649051853,3.850713903482683,21.318948859485126,3.923076923076923,2132.0358974358974),(0.9968869475307774,4.081536859060774,18.997848261235898,3.948717948717949,1904.9589743589743),(0.996980459079717,3.9698577260817323,20.120250283968815,4.2615384615384615,2007.871794871795),(0.9969492415442224,3.989739041452279,19.91956407812878,4.174358974358975,1994.4820512820513),(0.9965558444425686,4.117921977810757,18.614130888450035,4.02051282051282,1860.8)]

[(0.9851599991798307,2.4053334170645884,11.002931609494562,2.4256410256410255,1102.2820512820513),(0.9857191984521095,2.353611475925323,12.07092238861757,2.41025641025641,1210.4564102564102),(0.9853312621247708,2.4230994413259945,10.65788690097132,2.4307692307692306,1066.297435897436),(0.9866248319869971,2.3609849331906996,11.977791255408274,2.2564102564102564,1198.251282051282),(0.9859410012292383,2.37476433233679,11.6611734270123,2.3794871794871795,1168.6871794871795),(0.9854565959404458,2.3701562368294864,11.724271019837948,2.4307692307692306,1173.2615384615385),(0.9850104063481215,2.3495567184960566,12.109490010966875,2.4461538461538463,1209.3846153846155),(0.9866189232234389,2.3913853926070887,11.369427541267823,2.2153846153846155,1138.3487179487179),(0.9849888302441957,2.3243252653181803,12.612824508288854,2.5846153846153848,1259.876923076923),(0.9861985282691704,2.3632152107458393,11.907607481237509,2.41025641025641,1191.7230769230769),(0.9863104470050054,2.3538109319668172,12.102408180965131,2.3333333333333335,1210.7230769230769),(0.9858094997288163,2.3770535923667646,11.60749813639425,2.3692307692307693,1158.0871794871796),(0.9861653248504881,2.397205142832321,11.225816634378297,2.2564102564102564,1124.4871794871794),(0.9857442616064565,2.411131014674364,10.9220354028996,2.3230769230769233,1088.8564102564103),(0.9851403125646675,2.384639094943474,11.415636855014887,2.4256410256410255,1140.1435897435897),(0.9860985046991471,2.3938373063226566,11.289164155492914,2.312820512820513,1128.2820512820513),(0.984909481700936,2.365990688372844,11.774755134602865,2.4205128205128204,1176.574358974359),(0.9857048013869885,2.3106483634015906,12.929320815180304,2.482051282051282,1289.1948717948717),(0.9855672372865488,2.3183330089520973,12.767374058147405,2.4153846153846152,1273.025641025641),(0.9857875164325022,2.3776979311328597,11.593292363296634,2.5641025641025643,1160.1435897435897)]

[(0.9780898679290192,1.6763467441589157,8.394989750973535,1.646153846153846,838.9641025641025),(0.9759839848389834,1.6772430827516995,8.241746607790928,1.8051282051282052,823.6051282051282),(0.9770233593991379,1.6413898098704944,9.379707267833268,1.7846153846153847,938.9025641025642),(0.9781171871973119,1.688973121135516,8.017837597771491,1.7025641025641025,806.2410256410257),(0.9780407065547503,1.7314905024855316,6.737727318719252,1.5743589743589743,672.5435897435898),(0.9759689392578321,1.6353027200494152,9.499054753989872,1.841025641025641,952.0564102564102),(0.9771869232121929,1.6823871103222316,8.159602083065783,1.7076923076923076,818.5641025641025),(0.977535051480944,1.6895816512831427,7.96465355036169,1.6205128205128205,799.1179487179487),(0.9799407437155006,1.6936231696769153,7.987749532622106,1.5333333333333334,796.8820512820513),(0.9776647971119987,1.6803046733408011,8.250747626496262,1.6512820512820512,826.3794871794872),(0.9769248910232341,1.6804538015485027,8.201879414944289,1.8153846153846154,817.6307692307693),(0.9768786379055937,1.6706220457764773,8.494056901032742,1.7076923076923076,847.6),(0.9773690317282168,1.6888154414752639,7.977678659436066,1.7230769230769232,799.5846153846154),(0.9792012648243944,1.7004160253218281,7.739595129810947,1.5794871794871794,771.2),(0.9786169045638512,1.6895705003883759,8.0298992621784,1.5794871794871794,800.2307692307693),(0.9762477953319623,1.6778374666455047,8.239743720554296,1.8256410256410256,819.9230769230769),(0.9814816208163014,1.682606860292829,8.410691440190504,1.4871794871794872,838.2666666666667),(0.9783579741520803,1.6703331628380307,8.591483563983976,1.6102564102564103,860.8307692307692),(0.9782692501375746,1.69805059776209,7.754637075387475,1.6307692307692307,778.6358974358974),(0.979393642802996,1.7069480861208246,7.555175984559777,1.5076923076923077,754.0717948717949)]
