14x10 = [[(32228, 3627), (32228, 3627)], [(64722, 7144), (64722, 7144)], [(97603, 10841), (97603, 10841)], [(129449, 14493), (129452, 14495)], [(161717, 17844), (161727, 17844)], [(185143, 20639), (194797, 21679)], [(187188, 21036), (225751, 25383)], [(191616, 21037), (259489, 28568)], [(192460, 21410), (277303, 30340)], [(191283, 21523), (310609, 29765)], [(193906, 21653), (324038, 29389)], [(198838, 21982), (320525, 29835)], [(199258, 21970), (392807, 28439)], [(201896, 22359), (447759, 27209)]]

[[0.11620711898436872, 0.11850033341126058], [0.23518461747242464, 0.2342244222473468], [0.35486006064265035, 0.35421248965692936], [0.4746630578174763, 0.47741541781636965], [0.5829976190350207, 0.5888327234769892], [0.6783372894855371, 0.7058124467744945], [0.688556825590127, 0.8323118538283418], [0.6952614256992863, 0.9409866895076222], [0.7030608165238305, 0.9984493580225975], [0.7106958626562956, 0.99918528154897], [0.7158166565654855, 0.9995338211943222], [0.7186106759214177, 0.9994194874675413], [0.7220585952809147, 0.9994030324205422], [0.7239678029978074, 0.9996115105416215]]

20x10 = [[(0, 0), (32241, 3587)], [(0, 0), (64518, 7230)], [(0, 0), (96637, 10731)], [(0, 0), (129723, 14587)], [(0, 0), (162708, 17714)], [(0, 0), (195029, 21531)], [(0, 0), (226688, 25343)], [(0, 0), (258625, 28801)], [(0, 0), (288635, 30155)], [(0, 0), (281602, 30157)], [(0, 0), (346097, 28953)], [(0, 0), (350544, 28832)], [(0, 0), (314437, 29615)], [(0, 0), (276459, 30447)], [(0, 0), (313886, 29884)], [(0, 0), (388705, 28280)], [(0, 0), (317825, 29754)], [(0, 0), (550858, 25079)], [(0, 0), (529937, 25188)], [(0, 0), (288130, 30104)]]

18x24 = [[(0, 0), (77855, 8590)], [(0, 0), (155643, 17238)], [(0, 0), (232398, 25717)], [(0, 0), (311166, 34694)], [(0, 0), (388105, 43278)], [(0, 0), (467543, 51792)], [(0, 0), (544748, 60505)], [(0, 0), (621494, 69494)], [(0, 0), (680189, 72396)], [(0, 0), (666197, 73011)], [(0, 0), (839140, 69447)], [(0, 0), (692504, 72225)], [(0, 0), (784768, 70504)], [(0, 0), (695035, 72473)], [(0, 0), (1028705, 65665)], [(0, 0), (883910, 69183)], [(0, 0), (730553, 71728)], [(0, 0), (679853, 73138)]]

15x1@0.1 = [[(356, 33), (356, 33)], [(685, 71), (685, 71)], [(912, 110), (912, 110)], [(1306, 163), (1306, 163)], [(1651, 193), (1651, 193)], [(2000, 200), (2000, 200)], [(2266, 256), (2266, 256)], [(2499, 270), (2499, 270)], [(2912, 325), (2912, 325)], [(3360, 357), (3360, 357)], [(3528, 409), (3528, 409)], [(4005, 445), (4005, 445)], [(4353, 474), (4353, 474)], [(4518, 460), (4518, 460)], [(5051, 519), (5051, 519)], [(5135, 601), (5135, 601)], [(5606, 623), (5602, 623)], [(5843, 597), (5839, 596)], [(6141, 698), (6141, 698)], [(6538, 767), (6538, 767)], [(6755, 817), (6755, 817)], [(7118, 807), (7118, 807)], [(7414, 788), (7414, 788)], [(7958, 869), (7958, 869)], [(8098, 892), (8098, 892)], [(8591, 967), (8592, 968)], [(8914, 953), (8913, 953)], [(8888, 954), (8891, 953)], [(9520, 1024), (9529, 1025)], [(9755, 1117), (9755, 1117)], [(10014, 1127), (10012, 1126)], [(10423, 1152), (10412, 1152)], [(10579, 1147), (10586, 1147)], [(11032, 1243), (11032, 1243)], [(11223, 1275), (11223, 1275)], [(11524, 1317), (11545, 1318)], [(11969, 1347), (11969, 1347)], [(12249, 1399), (12254, 1399)], [(12644, 1433), (12651, 1435)], [(12997, 1489), (13015, 1491)], [(13178, 1526), (13178, 1526)], [(13635, 1508), (13621, 1508)], [(13960, 1520), (13992, 1523)], [(14310, 1587), (14309, 1587)], [(14411, 1571), (14411, 1571)], [(14871, 1645), (14878, 1644)], [(15230, 1720), (15231, 1719)], [(15576, 1690), (15584, 1691)], [(15860, 1789), (15860, 1789)], [(15977, 1817), (15990, 1820)], [(16380, 1788), (16358, 1788)], [(16881, 1887), (16881, 1887)], [(17139, 1882), (17143, 1882)], [(17353, 1980), (17353, 1979)], [(17664, 1969), (17717, 1973)], [(17887, 2023), (18203, 2063)], [(18309, 1960), (18461, 1974)], [(17992, 2049), (18740, 2131)], [(18254, 2098), (19201, 2204)], [(17880, 2034), (19254, 2174)], [(17980, 2090), (19584, 2258)], [(18711, 2032), (20233, 2195)], [(18995, 2059), (20371, 2221)], [(19175, 2081), (20673, 2245)], [(18993, 2088), (20910, 2291)], [(18614, 2127), (21246, 2423)], [(18599, 2099), (21749, 2455)], [(19261, 2077), (22024, 2385)], [(18365, 2100), (22302, 2555)], [(18061, 2078), (22523, 2573)], [(19185, 2127), (23167, 2558)], [(18707, 2058), (23013, 2491)], [(19816, 2115), (23651, 2545)], [(18471, 2080), (24044, 2686)], [(19293, 2157), (24325, 2715)], [(19224, 2141), (24722, 2766)], [(18480, 2103), (24902, 2788)], [(19532, 2127), (25174, 2733)], [(18849, 2121), (25440, 2812)], [(19557, 2134), (25920, 2789)], [(18926, 2107), (26037, 2846)], [(18968, 2091), (26576, 2910)], [(19719, 2152), (26767, 2872)], [(20131, 2131), (27168, 2870)], [(18779, 2108), (26412, 2989)], [(18946, 2104), (27805, 3014)], [(18790, 2149), (27587, 3050)], [(18594, 2077), (27871, 3007)], [(19773, 2185), (28253, 2972)], [(19725, 2173), (28032, 2945)], [(18911, 2139), (29244, 2942)], [(19212, 2138), (28129, 2994)], [(19514, 2212), (27984, 3055)], [(19631, 2161), (29444, 2999)], [(19371, 2149), (29577, 3054)], [(19116, 2115), (29491, 2937)], [(18987, 2142), (27860, 3057)], [(18974, 2186), (27986, 3123)], [(19693, 2208), (28331, 3055)], [(19310, 2213), (26752, 2954)], [(19549, 2207), (31959, 3040)], [(19047, 2144), (30086, 2958)], [(19725, 2216), (31789, 2933)], [(19176, 2123), (28112, 3096)], [(19633, 2095), (31305, 2946)], [(19483, 2186), (28167, 3090)], [(19970, 2196), (29861, 2975)], [(19566, 2122), (30348, 2938)], [(18997, 2081), (31562, 2905)], [(19010, 2176), (27721, 3094)], [(19285, 2152), (32500, 3000)], [(19634, 2170), (32078, 2920)], [(19448, 2213), (27705, 3079)], [(19543, 2194), (31513, 3057)], [(19815, 2198), (30085, 3034)], [(20361, 2199), (34247, 2838)], [(18672, 2124), (30452, 2984)], [(19951, 2182), (28871, 3070)], [(19814, 2179), (28453, 3022)]]

20x1@0.1 = [[(307, 42), (307, 42)], [(690, 71), (690, 71)], [(1014, 116), (1014, 116)], [(1257, 146), (1257, 146)], [(1709, 156), (1709, 156)], [(1899, 230), (1899, 230)], [(2277, 270), (2277, 270)], [(2600, 305), (2600, 305)], [(2864, 305), (2864, 305)], [(3270, 371), (3270, 371)], [(3581, 397), (3581, 397)], [(3913, 434), (3916, 436)], [(4214, 475), (4214, 475)], [(4512, 492), (4512, 492)], [(5004, 551), (5004, 551)], [(5219, 554), (5219, 554)], [(5399, 638), (5399, 638)], [(5890, 670), (5890, 670)], [(6138, 672), (6138, 672)], [(6571, 707), (6582, 706)], [(6874, 805), (6874, 805)], [(7001, 784), (6998, 784)], [(7593, 814), (7593, 814)], [(7635, 840), (7635, 840)], [(8127, 945), (8127, 945)], [(8540, 941), (8540, 941)], [(8743, 993), (8743, 993)], [(9140, 1004), (9140, 1004)], [(9430, 1014), (9440, 1016)], [(9847, 1068), (9847, 1068)], [(10173, 1128), (10173, 1127)], [(10356, 1118), (10356, 1118)], [(10843, 1155), (10843, 1155)], [(11063, 1194), (11063, 1193)], [(11262, 1277), (11262, 1277)], [(11780, 1290), (11777, 1290)], [(12001, 1373), (12001, 1373)], [(12237, 1363), (12250, 1364)], [(12658, 1374), (12675, 1374)], [(13095, 1431), (13094, 1430)], [(13284, 1494), (13284, 1494)], [(13702, 1548), (13722, 1552)], [(13731, 1575), (13745, 1579)], [(14306, 1597), (14308, 1598)], [(14622, 1632), (14626, 1633)], [(14975, 1654), (14996, 1655)], [(15232, 1695), (15232, 1694)], [(15397, 1677), (15404, 1678)], [(15861, 1761), (15861, 1761)], [(16131, 1803), (16200, 1808)], [(16480, 1848), (16480, 1848)], [(17017, 1853), (17025, 1853)], [(17225, 1912), (17228, 1912)], [(17412, 1890), (17459, 1895)], [(17710, 1912), (17724, 1913)], [(18027, 1978), (18154, 1987)], [(18497, 2036), (18497, 2036)], [(18532, 1998), (18723, 2022)], [(18720, 2025), (19232, 2078)], [(18337, 2024), (19290, 2129)], [(18454, 2098), (19861, 2272)], [(19153, 2050), (20018, 2148)], [(18705, 2072), (20338, 2259)], [(18736, 2008), (20839, 2246)], [(19054, 2072), (20961, 2280)], [(19088, 2083), (21190, 2307)], [(18565, 2096), (21908, 2447)], [(18989, 2126), (21862, 2467)], [(18639, 2086), (22415, 2508)], [(18978, 2103), (22793, 2559)], [(18959, 2140), (23176, 2617)], [(18232, 2114), (23290, 2656)], [(18700, 2085), (23791, 2623)], [(18632, 2088), (23975, 2704)], [(18475, 2125), (24138, 2744)], [(19516, 2072), (24716, 2620)], [(19222, 2076), (25015, 2720)], [(18528, 2112), (25230, 2808)], [(18919, 2124), (25612, 2889)], [(19135, 2150), (25737, 2885)], [(18877, 2121), (26165, 2919)], [(19216, 2143), (26713, 2931)], [(18981, 2129), (27000, 3012)], [(18805, 2079), (26589, 2936)], [(19792, 2161), (27555, 3006)], [(19624, 2190), (27271, 2912)], [(19741, 2191), (27749, 2936)], [(19846, 2073), (28184, 2983)], [(19156, 2163), (27527, 3003)], [(19554, 2169), (28645, 3069)], [(19736, 2129), (27939, 2921)], [(19480, 2185), (27795, 2976)], [(19246, 2151), (27823, 3054)], [(18769, 2137), (26512, 2971)], [(19159, 2114), (28404, 2920)], [(19120, 2175), (27711, 3037)], [(19136, 2121), (29931, 3053)], [(19392, 2160), (31032, 3038)], [(19489, 2112), (31619, 2992)], [(19501, 2187), (27937, 3042)], [(20061, 2162), (30355, 2985)], [(19051, 2181), (32804, 2760)], [(19915, 2245), (28442, 3043)], [(19601, 2202), (31182, 3027)], [(19629, 2195), (28583, 3042)], [(19549, 2170), (30041, 3052)], [(20106, 2242), (28968, 3064)], [(19753, 2103), (29444, 3003)], [(18993, 2185), (34427, 2989)], [(19668, 2148), (32418, 3022)], [(19647, 2083), (34163, 2816)], [(20416, 2252), (31639, 2914)], [(19843, 2138), (33638, 2953)], [(19765, 2150), (31499, 2950)], [(20000, 2214), (36716, 2795)], [(19509, 2132), (29905, 2913)], [(19933, 2149), (31505, 2948)], [(18724, 2176), (34956, 2962)], [(19593, 2197), (38356, 2754)], [(19750, 2254), (38171, 2879)], [(19952, 2198), (34142, 2863)], [(18832, 2124), (27740, 3110)], [(19446, 2136), (36646, 2874)], [(19130, 2186), (32006, 2962)], [(19168, 2225), (31844, 2916)], [(20770, 2243), (39498, 2795)], [(19097, 2170), (32416, 2865)], [(19685, 2256), (31501, 2956)], [(19359, 2244), (29375, 2957)], [(19516, 2225), (36682, 2892)], [(19418, 2215), (40108, 2813)], [(20700, 2210), (42406, 2712)], [(19512, 2196), (29537, 3009)], [(19560, 2198), (42728, 2856)], [(19933, 2209), (43191, 2762)], [(20518, 2224), (39537, 2872)], [(19613, 2185), (32499, 3012)], [(20417, 2215), (32664, 2892)], [(19882, 2169), (34560, 2994)], [(19478, 2290), (29761, 3116)], [(19881, 2168), (43905, 2689)], [(19811, 2188), (32398, 2943)], [(20168, 2228), (42353, 2852)], [(19526, 2214), (34816, 2874)], [(20287, 2212), (39321, 2804)], [(19862, 2243), (41119, 2812)], [(20364, 2228), (40416, 2682)], [(20887, 2242), (39334, 2785)], [(20085, 2245), (36372, 2801)], [(19768, 2179), (35149, 2929)], [(20494, 2245), (31351, 2952)], [(20017, 2219), (46801, 2656)], [(20158, 2265), (29631, 3051)], [(20411, 2266), (31111, 3103)], [(19432, 2217), (28397, 3097)], [(20168, 2256), (48877, 2665)], [(20459, 2227), (38620, 2788)], [(20397, 2249), (32152, 2918)], [(19911, 2215), (37797, 2758)], [(19866, 2213), (46949, 2712)], [(19701, 2252), (48435, 2551)], [(20620, 2247), (40736, 2790)], [(19587, 2302), (33495, 2836)], [(19736, 2220), (46159, 2649)], [(20608, 2240), (47352, 2594)], [(20750, 2186), (33383, 2935)], [(20736, 2237), (52621, 2561)], [(20234, 2262), (49953, 2466)], [(20794, 2246), (44009, 2687)], [(19879, 2271), (35093, 2812)], [(20611, 2248), (39702, 2807)], [(19994, 2269), (29067, 3095)], [(19596, 2197), (35498, 2898)], [(19864, 2169), (40475, 2713)], [(19530, 2223), (39200, 2792)], [(19765, 2259), (54202, 2515)], [(19960, 2234), (48796, 2641)], [(20170, 2259), (32080, 3028)], [(20381, 2242), (51028, 2547)], [(20804, 2302), (32125, 3002)], [(19367, 2205), (27697, 2845)], [(20020, 2268), (46944, 2670)], [(20237, 2241), (50677, 2523)], [(20617, 2281), (54297, 2560)], [(19340, 2236), (45890, 2691)], [(20918, 2281), (30208, 2967)], [(20028, 2237), (56556, 2497)], [(20897, 2290), (39530, 2803)], [(19783, 2233), (33033, 2853)], [(20755, 2273), (41704, 2831)], [(19658, 2255), (41721, 2804)], [(21420, 2273), (32986, 2870)], [(20528, 2241), (38841, 2856)], [(20279, 2248), (31006, 2886)], [(21221, 2232), (47252, 2573)], [(20226, 2277), (46687, 2714)], [(19717, 2224), (49067, 2545)], [(19980, 2299), (31917, 3011)], [(20210, 2242), (53275, 2532)]]

25x1@0.1 = [[(342, 40), (342, 40)], [(672, 63), (672, 63)], [(1003, 105), (1003, 105)], [(1318, 143), (1318, 143)], [(1588, 174), (1588, 174)], [(1962, 243), (1962, 243)], [(2260, 240), (2260, 240)], [(2601, 271), (2601, 271)], [(2941, 320), (2941, 320)], [(3289, 332), (3289, 332)], [(3483, 402), (3483, 402)], [(4026, 432), (4026, 432)], [(4245, 506), (4245, 506)], [(4522, 492), (4522, 492)], [(4798, 534), (4798, 534)], [(5236, 603), (5236, 603)], [(5356, 700), (5357, 700)], [(5900, 672), (5912, 672)], [(6114, 673), (6114, 673)], [(6467, 711), (6467, 711)], [(6743, 751), (6743, 751)], [(7044, 811), (7044, 811)], [(7317, 828), (7310, 828)], [(7771, 861), (7771, 861)], [(8022, 890), (8022, 890)], [(8514, 893), (8517, 893)], [(8770, 961), (8776, 961)], [(9026, 925), (9031, 927)], [(9508, 1080), (9508, 1080)], [(9808, 1120), (9808, 1120)], [(10036, 1123), (10059, 1123)], [(10409, 1191), (10409, 1191)], [(10563, 1229), (10568, 1229)], [(10907, 1257), (10908, 1257)], [(11286, 1280), (11286, 1280)], [(11836, 1301), (11838, 1300)], [(12065, 1322), (12048, 1320)], [(12561, 1373), (12556, 1373)], [(12594, 1427), (12594, 1427)], [(12912, 1453), (12917, 1453)], [(13362, 1490), (13359, 1489)], [(13771, 1475), (13772, 1475)], [(13890, 1526), (13890, 1526)], [(14360, 1548), (14372, 1549)], [(14353, 1595), (14353, 1595)], [(15187, 1674), (15194, 1673)], [(15358, 1711), (15370, 1707)], [(15687, 1762), (15744, 1768)], [(15958, 1752), (15966, 1753)], [(16268, 1866), (16301, 1870)], [(16510, 1827), (16540, 1825)], [(16836, 1927), (16902, 1932)], [(17096, 1955), (17193, 1968)], [(17230, 1926), (17303, 1929)], [(17421, 1987), (17528, 1992)], [(18104, 1937), (18248, 1950)], [(18474, 2045), (18579, 2052)], [(18078, 2087), (18792, 2181)], [(18556, 2076), (19198, 2140)], [(18293, 2068), (19363, 2200)], [(18096, 2055), (19179, 2181)], [(19266, 2101), (19961, 2177)], [(18721, 2089), (20321, 2259)], [(19534, 2110), (20503, 2233)], [(18325, 2040), (21321, 2375)], [(18862, 2097), (21370, 2349)], [(18969, 2040), (21746, 2355)], [(18539, 2095), (21808, 2489)], [(18547, 2067), (22459, 2491)], [(18794, 2058), (22582, 2468)], [(18875, 2076), (22897, 2528)], [(18686, 2107), (23343, 2634)], [(18980, 2094), (23586, 2624)], [(18928, 2151), (24144, 2735)], [(18828, 2101), (24323, 2713)], [(18951, 2124), (24460, 2756)], [(19070, 2163), (25106, 2817)], [(19415, 2137), (25433, 2798)], [(19050, 2136), (25507, 2851)], [(19300, 2157), (25837, 2878)], [(18210, 2103), (25365, 2916)], [(19163, 2082), (26421, 2914)], [(20219, 2106), (26768, 2823)], [(18760, 2138), (27268, 3067)], [(19144, 2151), (27701, 3047)], [(18465, 2110), (27638, 2989)], [(18286, 2092), (27354, 3012)], [(19407, 2116), (27425, 3016)], [(19344, 2178), (27430, 3012)], [(18864, 2102), (28035, 2949)], [(19283, 2148), (29141, 2908)], [(19027, 2173), (28706, 3118)], [(19425, 2152), (29646, 2972)], [(19197, 2165), (29553, 2993)], [(19634, 2111), (30151, 2850)], [(19257, 2163), (30819, 2949)], [(19324, 2152), (30188, 2985)], [(19609, 2132), (31330, 2972)], [(18904, 2216), (28321, 3045)], [(19534, 2194), (29646, 3023)], [(19853, 2210), (26934, 2899)], [(19516, 2118), (29533, 3049)], [(19720, 2137), (31414, 3078)], [(19926, 2207), (28479, 3003)], [(19769, 2157), (32486, 2838)], [(19467, 2196), (32982, 2913)], [(19924, 2208), (29898, 2939)], [(19937, 2200), (30763, 2907)], [(19617, 2176), (31905, 2955)], [(19579, 2171), (30631, 3056)], [(19222, 2133), (32013, 2778)], [(19862, 2205), (32180, 3051)], [(19994, 2146), (31609, 3025)], [(20876, 2249), (30286, 3046)], [(19132, 2169), (29908, 3106)], [(19554, 2164), (31522, 3048)], [(19936, 2153), (36817, 2843)], [(19727, 2214), (31458, 3000)], [(19942, 2217), (34931, 2785)], [(19931, 2219), (35612, 2868)], [(19758, 2200), (33867, 2932)], [(19613, 2146), (34037, 2882)], [(19853, 2179), (29889, 2920)], [(19685, 2180), (32987, 2928)], [(19676, 2227), (35308, 2859)], [(20527, 2224), (29078, 2931)], [(20756, 2172), (39681, 2855)], [(20781, 2252), (28313, 3034)], [(20550, 2177), (31197, 2954)], [(20249, 2209), (30043, 3003)], [(19365, 2167), (31446, 2936)], [(19927, 2205), (35684, 2850)], [(20240, 2211), (30682, 2952)], [(20121, 2217), (36681, 2907)], [(19430, 2175), (37255, 2851)], [(20338, 2203), (42352, 2725)], [(19907, 2196), (32361, 2950)], [(20144, 2259), (27386, 2858)], [(19359, 2196), (35393, 2917)], [(19687, 2228), (44380, 2664)], [(20310, 2267), (37566, 2813)], [(19675, 2204), (42109, 2771)], [(19226, 2187), (35409, 2883)], [(19968, 2221), (34977, 2938)], [(19556, 2218), (29607, 2930)], [(20156, 2226), (39901, 2734)], [(19698, 2191), (41064, 2796)], [(19922, 2224), (32791, 2952)], [(20076, 2229), (40187, 2780)], [(19660, 2199), (40224, 2865)], [(19854, 2212), (32381, 2970)], [(20255, 2225), (40574, 2638)], [(20179, 2293), (31244, 2935)], [(20676, 2254), (32075, 2950)], [(19476, 2184), (37167, 2878)], [(19882, 2257), (38650, 2780)], [(20137, 2210), (32692, 2903)], [(19337, 2197), (41425, 2723)], [(19841, 2212), (46742, 2571)], [(19780, 2215), (44731, 2572)], [(20327, 2226), (46006, 2571)], [(20513, 2237), (28408, 2977)], [(20361, 2213), (35318, 2836)], [(19967, 2210), (37333, 2853)], [(19940, 2221), (34393, 2967)], [(20233, 2301), (43817, 2674)], [(20422, 2230), (30608, 3007)], [(20135, 2242), (36312, 2870)], [(21060, 2211), (49609, 2590)], [(20283, 2262), (39230, 2788)], [(20215, 2256), (35266, 2938)], [(20240, 2292), (29573, 3006)], [(20222, 2236), (35596, 2939)], [(19708, 2268), (36271, 2745)], [(21079, 2267), (39318, 2864)], [(20823, 2274), (51663, 2524)], [(19907, 2273), (41721, 2805)], [(19239, 2213), (40076, 2752)], [(19863, 2272), (51389, 2579)], [(20644, 2247), (30753, 2939)], [(20391, 2291), (43985, 2719)], [(20937, 2275), (41937, 2794)], [(20438, 2254), (38028, 2701)], [(20313, 2256), (42339, 2688)], [(20207, 2235), (38180, 2910)], [(20409, 2260), (40767, 2687)], [(20459, 2289), (32850, 2963)], [(19968, 2270), (27453, 2963)], [(20110, 2178), (36492, 2846)], [(20366, 2214), (55754, 2554)], [(20691, 2283), (42592, 2780)], [(20015, 2216), (51477, 2522)], [(20072, 2255), (51370, 2507)], [(19811, 2215), (41393, 2719)], [(20170, 2222), (33820, 2909)], [(20083, 2314), (51662, 2603)], [(19581, 2243), (33088, 2908)], [(20414, 2252), (30964, 2957)], [(20483, 2306), (34871, 2895)], [(20060, 2218), (57159, 2421)], [(20405, 2284), (61311, 2417)], [(19787, 2243), (34505, 2776)], [(20329, 2275), (28458, 3083)], [(20349, 2271), (35324, 2955)], [(20382, 2298), (41442, 2692)], [(20059, 2241), (31182, 2990)], [(20426, 2270), (41866, 2705)], [(20673, 2295), (29508, 2978)], [(20085, 2287), (40290, 2783)], [(20231, 2236), (60983, 2466)], [(20290, 2277), (61888, 2396)], [(20167, 2303), (65994, 2289)], [(21128, 2286), (42729, 2771)], [(20263, 2284), (65751, 2300)], [(19602, 2274), (35438, 2886)], [(21019, 2266), (48638, 2553)], [(20189, 2270), (44863, 2753)], [(19666, 2255), (42270, 2731)], [(20263, 2316), (65014, 2327)], [(20713, 2236), (70142, 2193)], [(20757, 2288), (61743, 2300)], [(20348, 2283), (57063, 2462)], [(20685, 2329), (46314, 2585)], [(20878, 2301), (50283, 2489)], [(20765, 2316), (69950, 2233)], [(19590, 2284), (27987, 3069)], [(20242, 2318), (31307, 2925)], [(20303, 2296), (32574, 2862)], [(20951, 2316), (39440, 2853)], [(20418, 2230), (38949, 2788)], [(20552, 2286), (44340, 2726)], [(20465, 2292), (29475, 3017)], [(19906, 2270), (59627, 2359)], [(21240, 2250), (49730, 2603)], [(20256, 2312), (35475, 2841)], [(20807, 2267), (40692, 2758)], [(20536, 2334), (60261, 2417)], [(20095, 2259), (56256, 2448)], [(20076, 2261), (53492, 2530)], [(20352, 2318), (76244, 2090)], [(20734, 2314), (47540, 2567)], [(20561, 2249), (51931, 2544)], [(20667, 2296), (63741, 2263)], [(20154, 2289), (63166, 2385)], [(20726, 2313), (75176, 2089)], [(21557, 2293), (68342, 2240)], [(20414, 2322), (68639, 2265)], [(19432, 2254), (65470, 2321)], [(19747, 2238), (30577, 2902)]]

30x1@0.1 = [[(330, 32), (330, 32)], [(678, 70), (678, 70)], [(940, 129), (940, 129)], [(1320, 172), (1320, 172)], [(1690, 156), (1690, 156)], [(1966, 212), (1966, 212)], [(2202, 270), (2202, 270)], [(2701, 288), (2698, 288)], [(2895, 349), (2895, 349)], [(3289, 343), (3289, 343)], [(3585, 429), (3585, 429)], [(3910, 423), (3910, 423)], [(4354, 444), (4354, 444)], [(4543, 467), (4543, 467)], [(4782, 523), (4782, 523)], [(5311, 537), (5311, 537)], [(5548, 620), (5550, 620)], [(5877, 675), (5877, 675)], [(6115, 692), (6115, 692)], [(6583, 716), (6583, 716)], [(6819, 751), (6819, 751)], [(7232, 781), (7232, 781)], [(7345, 877), (7345, 877)], [(7818, 842), (7818, 842)], [(8224, 928), (8229, 928)], [(8383, 948), (8389, 948)], [(8721, 942), (8721, 941)], [(9011, 1038), (9011, 1038)], [(9313, 1025), (9313, 1025)], [(9922, 1058), (9922, 1058)], [(9992, 1112), (9995, 1113)], [(10472, 1179), (10476, 1179)], [(10798, 1208), (10798, 1208)], [(11083, 1167), (11082, 1166)], [(11597, 1278), (11597, 1279)], [(11548, 1305), (11556, 1305)], [(12024, 1317), (12024, 1317)], [(12190, 1393), (12190, 1393)], [(12563, 1385), (12567, 1385)], [(12966, 1369), (12966, 1369)], [(13311, 1502), (13311, 1503)], [(13678, 1454), (13678, 1454)], [(13688, 1556), (13726, 1558)], [(14291, 1568), (14309, 1570)], [(14771, 1661), (14757, 1659)], [(14845, 1671), (14888, 1673)], [(15334, 1750), (15330, 1750)], [(15902, 1737), (15917, 1740)], [(15493, 1796), (15525, 1800)], [(16146, 1759), (16176, 1762)], [(16438, 1851), (16608, 1874)], [(16805, 1910), (16806, 1911)], [(17219, 1960), (17219, 1961)], [(17435, 1987), (17540, 2000)], [(17877, 1950), (17984, 1958)], [(18031, 1991), (18142, 1999)], [(17950, 2053), (18430, 2105)], [(18796, 1942), (18819, 1941)], [(18972, 2012), (19278, 2038)], [(18104, 2097), (19551, 2245)], [(18549, 2102), (19515, 2226)], [(18505, 1987), (20159, 2165)], [(19146, 2124), (20164, 2225)], [(18286, 2057), (20803, 2340)], [(18942, 2158), (21145, 2392)], [(18923, 2112), (21407, 2382)], [(18639, 2093), (21601, 2404)], [(19074, 2051), (21942, 2386)], [(18431, 2096), (22197, 2527)], [(18453, 2065), (22480, 2546)], [(18996, 2086), (22765, 2503)], [(19114, 2199), (23248, 2637)], [(18812, 2115), (23405, 2620)], [(18955, 2096), (23778, 2653)], [(19774, 2097), (24230, 2570)], [(18670, 2101), (24623, 2733)], [(18818, 2124), (24791, 2727)], [(19203, 2073), (25180, 2744)], [(19570, 2139), (25433, 2847)], [(18237, 2098), (25400, 2874)], [(18964, 2061), (26424, 2815)], [(19419, 2176), (25918, 2921)], [(19341, 2155), (26425, 2861)], [(18845, 2117), (26894, 2982)], [(19592, 2094), (27528, 2919)], [(19006, 2145), (27359, 2930)], [(19259, 2081), (27716, 2935)], [(18907, 2102), (28388, 2966)], [(19456, 2150), (27856, 3028)], [(18397, 2212), (26194, 2990)], [(18834, 2152), (26687, 3002)], [(19237, 2075), (29515, 2960)], [(18864, 2129), (29968, 3023)], [(19688, 2151), (28593, 3062)], [(19100, 2151), (30535, 2921)], [(19458, 2176), (28956, 2991)], [(19689, 2154), (29805, 3038)], [(19111, 2151), (28491, 2963)], [(19109, 2148), (29099, 3087)], [(19450, 2137), (32081, 2922)], [(19835, 2162), (32027, 2930)], [(19149, 2166), (31518, 2923)], [(20184, 2157), (28523, 2995)], [(18985, 2151), (34077, 2936)], [(19831, 2202), (29935, 2835)], [(19161, 2146), (30450, 2917)], [(19274, 2169), (33430, 2880)], [(19127, 2137), (34395, 3036)], [(19643, 2208), (34110, 2955)], [(19671, 2147), (30241, 2911)], [(19667, 2202), (27914, 2933)], [(19428, 2149), (32772, 2981)], [(19847, 2185), (35276, 2912)], [(19964, 2224), (27171, 2971)], [(19660, 2191), (30018, 2964)], [(19641, 2189), (36320, 2875)], [(19253, 2183), (31920, 2949)], [(19628, 2217), (35246, 2904)], [(20128, 2224), (29605, 3043)], [(19370, 2243), (38880, 2788)], [(18820, 2179), (30673, 2872)], [(20397, 2159), (28568, 3007)], [(20245, 2233), (36957, 2843)], [(19436, 2150), (34748, 2852)], [(19158, 2228), (34763, 2842)], [(19100, 2148), (32789, 2896)], [(20178, 2238), (34144, 2948)], [(19430, 2200), (29443, 3052)], [(19752, 2203), (38439, 2830)], [(19375, 2198), (34520, 2928)], [(19895, 2193), (34227, 2813)], [(20484, 2267), (41467, 2768)], [(20375, 2267), (29707, 3021)], [(20398, 2231), (33635, 2990)], [(19642, 2197), (29356, 2982)], [(19479, 2202), (29185, 2983)], [(20127, 2195), (43027, 2700)], [(19957, 2236), (31804, 2980)], [(19415, 2250), (38323, 2726)], [(20185, 2209), (38900, 2871)], [(20294, 2199), (39276, 2814)], [(21129, 2239), (30051, 3053)], [(19633, 2182), (28987, 3029)], [(19378, 2210), (43477, 2747)], [(19651, 2198), (46392, 2664)], [(20026, 2297), (29357, 3063)], [(19606, 2165), (41151, 2721)], [(20318, 2240), (45904, 2702)], [(19947, 2195), (27364, 3043)], [(20495, 2307), (47890, 2520)], [(20031, 2260), (44363, 2677)], [(19088, 2182), (36394, 2827)], [(20269, 2213), (34661, 2871)], [(20097, 2235), (33918, 2916)], [(20245, 2220), (43420, 2718)], [(19998, 2225), (44447, 2694)], [(20148, 2255), (36408, 2839)], [(20563, 2235), (33371, 2920)], [(18988, 2209), (40930, 2801)], [(20564, 2252), (46492, 2618)], [(20581, 2269), (47972, 2623)], [(19405, 2178), (51983, 2555)], [(20003, 2270), (39564, 2607)], [(20368, 2250), (33879, 2871)], [(20322, 2236), (48058, 2638)], [(20283, 2209), (39058, 2882)], [(19809, 2292), (27620, 3034)], [(19835, 2248), (36182, 2886)], [(19609, 2272), (52235, 2520)], [(20231, 2302), (33496, 2938)], [(20204, 2261), (49469, 2576)], [(20100, 2198), (40036, 2695)], [(20534, 2259), (28115, 3118)], [(20468, 2273), (32664, 2989)], [(20268, 2264), (45390, 2697)], [(20262, 2205), (34797, 2844)], [(20618, 2260), (50995, 2666)], [(20184, 2215), (56734, 2467)], [(20537, 2310), (38568, 2856)], [(20612, 2258), (34302, 2960)], [(20843, 2289), (31940, 3005)], [(20784, 2273), (29006, 3090)], [(20349, 2281), (30651, 3009)], [(20164, 2242), (38512, 2819)], [(20223, 2328), (46719, 2664)], [(20046, 2232), (28148, 3042)], [(20747, 2243), (47101, 2780)], [(20335, 2252), (32359, 2927)], [(19506, 2254), (29619, 3002)], [(19904, 2286), (39421, 2849)], [(20749, 2203), (36170, 2808)], [(20404, 2271), (28263, 3041)], [(20321, 2317), (28657, 3043)], [(20608, 2291), (35102, 2905)], [(20668, 2296), (42862, 2681)], [(20784, 2215), (33672, 2980)], [(20539, 2285), (59884, 2334)], [(20147, 2294), (33576, 3013)], [(20568, 2274), (36975, 2778)], [(20233, 2269), (48222, 2644)], [(19803, 2268), (26194, 3009)], [(20271, 2246), (27876, 3076)], [(20513, 2262), (37080, 2805)], [(20402, 2270), (53457, 2553)], [(20258, 2265), (40149, 2780)], [(21237, 2248), (41172, 2816)], [(20553, 2237), (35961, 2786)], [(20390, 2257), (53299, 2553)], [(20308, 2271), (28705, 3059)], [(20309, 2220), (52683, 2578)], [(19886, 2221), (41717, 2762)], [(20180, 2272), (35584, 2876)], [(19866, 2256), (59878, 2444)], [(20596, 2262), (30174, 3025)], [(21257, 2268), (64853, 2224)], [(20554, 2251), (31422, 2933)], [(20189, 2326), (69744, 2246)], [(19929, 2307), (32231, 2863)], [(20307, 2298), (57072, 2368)], [(20897, 2288), (49337, 2650)], [(20705, 2315), (56430, 2503)], [(20592, 2268), (68481, 2178)], [(21044, 2297), (33612, 2983)], [(20884, 2298), (38976, 2834)], [(20506, 2271), (62522, 2312)], [(19833, 2242), (42864, 2665)], [(21017, 2352), (60241, 2346)], [(20131, 2230), (72704, 2197)], [(20810, 2327), (43900, 2743)], [(19611, 2229), (72891, 2138)], [(20318, 2284), (52382, 2529)], [(20610, 2305), (28556, 2951)], [(20564, 2286), (44855, 2722)], [(20570, 2302), (50914, 2622)], [(20590, 2285), (44258, 2804)], [(20701, 2288), (51397, 2605)], [(21288, 2358), (72304, 2102)], [(19689, 2247), (34773, 2973)], [(20415, 2281), (71586, 2198)], [(19791, 2212), (54135, 2444)], [(20448, 2281), (55537, 2448)], [(20596, 2245), (28009, 2987)], [(20537, 2305), (27344, 3031)], [(21385, 2320), (76761, 2001)], [(21572, 2269), (54123, 2449)], [(21025, 2288), (69166, 2161)], [(21169, 2298), (63035, 2316)], [(20688, 2252), (35012, 2894)], [(20425, 2286), (30446, 3070)], [(20665, 2312), (75360, 2170)], [(20536, 2291), (43313, 2716)], [(20611, 2295), (69675, 2147)], [(20521, 2297), (77048, 2018)], [(21102, 2332), (39578, 2838)], [(20942, 2314), (41341, 2791)], [(20765, 2295), (39378, 2782)], [(20177, 2281), (67387, 2249)], [(19922, 2304), (56246, 2485)], [(21115, 2373), (54500, 2518)], [(20116, 2238), (49455, 2604)], [(21367, 2276), (29516, 2951)], [(20176, 2272), (65415, 2316)], [(20808, 2211), (82768, 1964)], [(20078, 2232), (44730, 2615)], [(21069, 2342), (48797, 2581)], [(20767, 2285), (43748, 2614)], [(20546, 2345), (30613, 2950)], [(20230, 2302), (71218, 2131)], [(20981, 2369), (75003, 2134)], [(20184, 2315), (33030, 2943)], [(21623, 2306), (41827, 2758)], [(19982, 2240), (54756, 2497)], [(21100, 2277), (40523, 2795)], [(20609, 2306), (37871, 2914)], [(20772, 2319), (81257, 2003)], [(20632, 2247), (44436, 2670)], [(20738, 2316), (84282, 1849)], [(20370, 2329), (83030, 1913)], [(20845, 2280), (37151, 2807)], [(21674, 2384), (29838, 3053)], [(21045, 2198), (65105, 2199)], [(19866, 2325), (56793, 2487)], [(20773, 2341), (67540, 2242)], [(19933, 2235), (78796, 2032)], [(21024, 2308), (91425, 1732)], [(20651, 2241), (34180, 2889)], [(21019, 2296), (41455, 2824)], [(21337, 2293), (33419, 2900)], [(20817, 2313), (56267, 2522)], [(19873, 2299), (35453, 2996)], [(20423, 2256), (73874, 2165)], [(21344, 2304), (81650, 1965)], [(21466, 2305), (81673, 1910)], [(20626, 2321), (32109, 3000)], [(20476, 2331), (62312, 2375)], [(21046, 2344), (61782, 2291)], [(21242, 2296), (29933, 2909)], [(20990, 2391), (51948, 2417)], [(20662, 2299), (53593, 2517)]]


